-1.467527134790343646e-04 1.934357467048132273e-01 7.882146246136533252e-01 -1.451709691164372762e+00 -3.376916692999909930e+00 9.708071250075903103e-02 -1.445794618335462856e+00 1.663419981641145462e-01 -9.897606159929412950e-01 7.055365250774505714e-01 -1.695716893139742387e+00 5.026706539272826069e-01 6.270278075037231114e-01 6.802166055916660792e-01 3.058756036852510740e-01 -1.806993919924410275e+00 -1.168832079218803388e+00
-5.685115883268090963e-04 4.086248615103598714e-01 4.113089822866498602e-01 -1.522633121088205810e+00 -7.563198859752198189e-01 -2.754068202782274710e+00 2.125075512677558009e+00 -7.511725094823826221e-02 -9.195419905283406248e-01 -2.253606095010430188e+00 4.343683774488905636e-01 -1.939993715749626757e+00 2.408199543081636917e-01 -1.551457844050351254e+00 3.824452463286749926e-01 8.910684924479624902e-01 1.240660042248704187e+00
1.584238878622336961e-04 -1.132773351961957387e+00 1.033171257217313510e+00 8.860998328785801847e-01 -1.708126989854108491e-01 2.438457304635908152e-01 1.690086422531040800e+00 1.022013497847855529e-01 -7.021253455679998812e-01 -2.237813188668454245e+00 6.308635660372120535e-01 -7.609967725790802058e-03 -2.014291986526518752e+00 1.143103208083643629e+00 -1.179518299353114141e+00 -2.473351501914079265e+00 -2.545490895078356353e+00
-1.630760545892036089e-04 -2.384310456671798750e-01 -2.052911121594597876e+00 5.002252685847913272e-01 2.998545065807011745e-01 1.027667093912401519e+00 -1.443364113162440621e+00 -2.219447482326271648e-01 -1.218651863901015542e+00 -2.271719230071240769e+00 -9.225841758975200646e-01 1.421315172510618341e+00 -1.048780720125656485e+00 -1.985098610227802984e+00 3.181698639151190333e-01 -1.804292361750153395e+00 1.724602930354357522e+00
-1.729331515326999410e-04 1.275213624420750147e+00 -2.864224825811124628e-02 1.302217965315753512e+00 -9.744365142069666419e-01 -4.854039352719208278e-02 -1.766840897359095885e+00 -3.429993535828372853e+00 2.096808888114067848e+00 -2.689395620512757268e-01 6.018123156729747736e-01 -1.984432621892472159e+00 -6.032288348249665866e-01 -2.020065686619486323e-01 -2.100167021484456331e+00 -3.343584682261561691e-01 9.411530881901439272e-02
6.845038405061330247e-05 -4.549333003853621438e-02 -2.459427468366403857e-01 1.563451624675779028e+00 9.800788594226739203e-01 -1.312745161291977603e+00 -5.053301714899451902e-01 -1.471190819204013234e-01 -1.302030406143521946e+00 1.088376270402693580e+00 -2.675932034679969096e+00 -1.675298463436414975e+00 7.762208352843132930e-01 -2.590174784248413076e+00 1.699725864495013894e-01 1.133830935881714463e+00 -2.511814395975050296e+00
-1.288924768903215831e-04 -2.527283055886062058e-01 -1.188860488940049365e+00 -1.776198120493953647e+00 -1.818095759590794558e-01 -3.722098182659884236e-01 2.150492158563704681e+00 -3.033685250792085508e+00 -1.605755431073019324e+00 4.728722800445891439e-01 -4.546760966987843378e-01 1.154452387589061768e+00 5.099450082091646630e-01 2.246873910523680129e-01 -1.940091255018574268e+00 6.487170831109780877e-01 -1.515456066149138969e+00
2.832710142276942915e-05 -2.923679395516426638e+00 3.324450805331440884e-01 2.544615940033549406e-01 -3.729203563209130268e-01 -3.072635401062784766e+00 -8.632190532667313176e-01 -1.012214427718173271e+00 2.169495877233496905e+00 -2.233586163721944517e-01 -1.351966610397343338e+00 1.220813466805461989e+00 -5.052494743880525663e-01 9.227833665403184504e-01 9.423604727729345543e-01 -5.724175448407681221e-01 8.294050047640049161e-01
1.889324746401025573e-04 -4.981767834420774976e-01 -2.276344097499405805e+00 -1.398130109151372480e+00 -3.512137798469214811e-01 2.168156437996004993e-01 -2.127872584677936718e+00 1.294408444054714613e-01 -2.253161354854384513e+00 -1.334135494064276062e-01 1.012806989121084245e+00 -2.168453093139413035e+00 -2.939887350966480906e+00 1.626577537676248797e+00 1.284106435677681013e+00 8.662970690574351984e-01 -1.754253453442023991e+00
1.226862801430164783e-05 -3.023841416092480472e+00 -8.359239054447898942e-01 -1.835607468561225586e+00 -5.259251397100496161e-01 9.020575194343082304e-01 -1.163522947719242140e+00 1.968957548398867274e+00 1.206496865486021308e+00 3.743214000131198094e-01 7.838228407310634527e-01 -1.396124774061100027e+00 6.904147480532180081e-01 -1.472276063656832390e+00 -2.659083634041246036e+00 -4.363290107139713436e-01 3.540795522486726021e-01
